
                                                                                                                                                                               ページ       12,345
                                                                                        ☆☆☆ 支給一覧表 ☆☆☆

                                                                                                                                                    残業時間
    事業所コード      部コード      課コード      社員番号          社員氏名                      基本給          家族手当          役職手当      通常    深夜          残業手当          総支給額

          12A           A01           1B           S0001          服部　誠                 1,234,567,890     1,234,567,890     1,234,567,890     123.5   123.5     1,234,567,890     1,234,567,890
          XXXX          XXXX          XXXX         XXXXXXX        XXXXXXXXXXXXXXXXXXXX           789,012           789,012           789,012       1.0     1.0           789,012           789,012
          XXXX          XXXX          XXXX         XXXXXXX        XXXXXXXXXXXXXXXXXXXX                 0                 0                 0       0.0     0.0                 0                 0

                                                  【課合計】                           1,234,567,890,123 1,234,567,890,123 1,234,567,890,123                   1,234,567,890,123 1,234,567,890,123

          XXXX          XXXX          XXXX         XXXXXXX        XXXXXXXXXXXXXXXXXXXX     1,234,567,890     1,234,567,890     1,234,567,890     123.5   123.5     1,234,567,890     1,234,567,890
          XXXX          XXXX          XXXX         XXXXXXX        XXXXXXXXXXXXXXXXXXXX           789,012           789,012           789,012       1.0     1.0           789,012           789,012
          XXXX          XXXX          XXXX         XXXXXXX        XXXXXXXXXXXXXXXXXXXX                 0                 0                 0       0.0     0.0                 0                 0

                                                  【課合計】                                           0                 0                 0                                   0                 0

                                                  【部合計】                           1,234,567,890,123 1,234,567,890,123 1,234,567,890,123                   1,234,567,890,123 1,234,567,890,123

          XXXX          XXXX          XXXX         XXXXXXX        XXXXXXXXXXXXXXXXXXXX     1,234,567,890     1,234,567,890     1,234,567,890     123.5   123.5     1,234,567,890     1,234,567,890
          XXXX          XXXX          XXXX         XXXXXXX        XXXXXXXXXXXXXXXXXXXX                 0                 0                 0       0.0     0.0                 0                 0

                                                  【課合計】                           1,234,567,890,123 1,234,567,890,123 1,234,567,890,123                   1,234,567,890,123 1,234,567,890,123

                                                  【部合計】                           1,234,567,890,123 1,234,567,890,123 1,234,567,890,123                   1,234,567,890,123 1,234,567,890,123

                                                  【事業所合計】                       1,234,567,890,123 1,234,567,890,123 1,234,567,890,123                   1,234,567,890,123 1,234,567,890,123

          XXXX          XXXX          XXXX         XXXXXXX        XXXXXXXXXXXXXXXXXXXX     1,234,567,890     1,234,567,890     1,234,567,890     123.5   123.5     1,234,567,890     1,234,567,890
          XXXX          XXXX          XXXX         XXXXXXX        XXXXXXXXXXXXXXXXXXXX                 0                 0                 0       0.0     0.0                 0                 0

                                                  【課合計】                           1,234,567,890,123 1,234,567,890,123 1,234,567,890,123                   1,234,567,890,123 1,234,567,890,123

                                                  【部合計】                           1,234,567,890,123 1,234,567,890,123 1,234,567,890,123                   1,234,567,890,123 1,234,567,890,123

                                                  【事業所合計】                       1,234,567,890,123 1,234,567,890,123 1,234,567,890,123                   1,234,567,890,123 1,234,567,890,123

                                                  【全社合計】                         1,234,567,890,123 1,234,567,890,123 1,234,567,890,123                   1,234,567,890,123 1,234,567,890,123
